5611756 is correct size for input bytes

Input last block Position: 0, limit: 236, remaining: 236. Content (16 byte blocks):
0x00 00 00 00 00 00 00 00 00 00 00 00 00 00 00 00
  00 00 00 00 00 00 00 00 00 00 00 00 00 00 00 00
  00 00 00 00 00 00 00 00 00 00 00 00 00 00 00 00
  00 -20 02 00 00 -1 -1 01 00 00 -1 -1 50 4b 01 02
  00 00 2d 00 02 00 08 00 -39 -77 79 3e -3d 38 38
  19 -1 -1 -1 -1 -1 -1 -1 -1 04 00 1c 00 00 00 00
  00 01 00 20 00 00 00 -1 -1 -1 -1 30 30 30 30 01
  00 18 00 00 00 00 40 01 00 00 00 06 -60 55 00 00
  00 00 00 00 00 00 00 00 00 00 00 50 4b 06 06 2c
  00 00 00 00 00 00 00 2d 00 2d 00 00 00 00 00 00
  00 00 00 01 00 00 00 00 00 00 00 01 00 00 00 00
  00 00 00 4e 00 00 00 00 00 00 00 3c -60 55 00 00
  00 00 00 50 4b 06 07 00 00 00 00 -76 -60 55 00 00
  00 00 00 01 00 00 00 50 4b 05 06 00 00 00 00 -1 -1
  -1 -1 -1 -1 -1 -1 -1 -1 -1 -1 00 00     (12 byte short final read)

DoFinal Crypto
atLength 0,  atLengthPre 0
totalLength = 5611756
X = [0, 0, 0, 0, 0, 0, 0, 0, 0, 0, 0, 0, 2, -83, 7, 96]
S = [-1, 1, 40, 41, 93, -124, 35, 119, 18, -66, 60, 37, -87, 45, 41, -113]
after gHASHBlock(S, X)
S = [111, -6, 45, 71, -80, -106, -97, -31, 21, 0, 97, -107, -28, 40, -118, -100]
JO = [-65, -45, 34, -107, -33, -96, -36, -60, -124, -67, -109, 25, 0, 0, 0, 1]
after cipher.processBlock(J0
tag = [124, -51, 42, 57, 14, 51, -45, 38, 87, -70, 111, 90, 78, 110, 15, 127]
after GCMUtil.xor
tag = [19, 55, 7, 126, -66, -91, 76, -57, 66, -70, 14, -49, -86, 70, -123, -29]
extra = 12
tag becomes mac, which is last 16 bytes
doFinal out = [-47, 54, 66, 87, 48, 64, -7, 111, -101, 19, -65, 30, 19, 55, 7, 126, -66, -91, 76, -57, 66, -70, 14, -49, -86, 70, -123, -29, 0, 0, 0, 0]